After moving elements less than left pivot:
9509 2754 1461 5799 73 8553 4337 9152 2688 5556 1820 5560 7082 4261 775 1298 1251 20516 12500 24396 24397 12912 24571 20958 29962 15262 16623 18154 17276 27148 14574 10953 21670 11883 15214 26627 19695 27364 28613 19767 17879 17876 28320 11506 22212 21486 20658 24522 13205 27180
After moving elements that lie between left pivot and right pivot:
9509 2754 1461 5799 73 8553 4337 9152 2688 5556 1820 5560 7082 4261 775 1298 1251 20516 12500 24396 24397 12912 24571 20958 15262 16623 18154 17276 27148 14574 10953 21670 11883 15214 26627 19695 19767 17879 17876 11506 22212 21486 20658 24522 13205 28613 28320 29962 27364 27180
After final pivot swap:
1251 2754 1461 5799 73 8553 4337 9152 2688 5556 1820 5560 7082 4261 775 1298 9509 20516 12500 24396 24397 12912 24571 20958 15262 16623 18154 17276 27148 14574 10953 21670 11883 15214 26627 19695 19767 17879 17876 11506 22212 21486 20658 24522 13205 27180 28320 29962 27364 28613
Insertion sort: 73 775 1251 1298 1461 1820 2688 2754 4261 4337 5556 5560 5799 7082 8553 9152
After moving elements less than left pivot:
13205 12500 12912 10953 11883 11506 20958 15262 16623 18154 17276 27148 14574 24397 21670 24396 15214 26627 19695 19767 17879 17876 24571 22212 21486 20658 24522 20516
After moving elements that lie between left pivot and right pivot:
13205 12500 12912 10953 11883 11506 15262 16623 18154 17276 14574 15214 19695 19767 17879 17876 27148 26627 20958 24397 21670 24396 24571 22212 21486 20658 24522 20516
After final pivot swap:
11506 12500 12912 10953 11883 13205 15262 16623 18154 17276 14574 15214 19695 19767 17879 17876 20516 26627 20958 24397 21670 24396 24571 22212 21486 20658 24522 27148
Insertion sort: 10953 11506 11883 12500 12912
Insertion sort: 14574 15214 15262 16623 17276 17876 17879 18154 19695 19767
Insertion sort: 20658 20958 21486 21670 22212 24396 24397 24522 24571 26627 27148
Insertion sort: 27364 28320 28613 29962
73 775 1251 1298 1461 1820 2688 2754 4261 4337 5556 5560 5799 7082 8553 9152 9509 10953 11506 11883 12500 12912 13205 14574 15214 15262 16623 17276 17876 17879 18154 19695 19767 20516 20658 20958 21486 21670 22212 24396 24397 24522 24571 26627 27148 27180 27364 28320 28613 29962
